profile.txt

:Author: zgh
:Email: zgh@zgh-VirtualBox
:Date: 2021-08-11 17:12

OpenCL:

|  ID  | Latency (ms) | Speed (GFLOPS) | Trials |
-------------------------------------------------
|    0 |        3.021 |           0.85 |    128 |
|    1 |        0.361 |          -0.00 |     64 |
|    2 |        2.186 |          24.10 |    128 |
|    3 |        1.634 |          24.08 |    128 |
|    4 |        0.341 |           3.79 |     64 |
|    5 |        1.051 |          18.89 |    192 |
|    6 |        1.292 |          15.23 |    128 |
|    7 |        1.264 |           9.34 |     64 |
|    8 |        0.974 |           0.79 |     64 |
|    9 |        1.586 |          18.13 |    256 |
|   10 |        1.168 |          24.28 |    128 |
|   11 |        0.657 |           4.71 |    128 |
|   12 |        1.071 |          17.64 |     64 |
|   13 |        0.524 |           3.94 |    128 |
|   14 |        0.588 |          21.91 |    128 |
|   15 |        0.456 |          27.65 |    128 |
|   16 |        0.343 |          18.40 |     64 |
|   17 |        1.238 |           0.83 |     64 |
|   18 |        1.347 |           9.18 |    192 |
|   19 |        1.035 |          11.47 |    128 |
|   20 |        1.954 |           1.98 |    192 |
|   21 |        0.937 |           9.48 |     64 |
|   22 |        2.564 |           1.13 |    128 |
|   23 |        2.606 |          10.49 |    256 |
|   24 |        2.359 |          10.98 |    128 |
|   25 |        5.274 |           2.13 |    256 |
|   26 |        1.513 |          11.39 |    128 |
|   27 |        5.180 |           1.45 |    256 |
|   28 |        3.551 |          14.08 |    320 |
|   29 |        2.323 |           6.66 |    128 |
|   30 |        3.300 |           3.03 |    192 |
|   31 |        3.504 |           7.75 |    192 |
-------------------------------------------------
Estimated total latency: 78.804 ms  Trials: 2560    Used time : 11886 s Next
ID: 0   


ARM CPU:

|  ID  | Latency (ms) | Speed (GFLOPS) | Trials |
-------------------------------------------------
|    0 |        0.550 |           4.66 |     64 |
|    1 |        0.046 |          -0.00 |     64 |
|    2 |        3.026 |          17.41 |    128 |
|    3 |        2.375 |          16.57 |    128 |
|    4 |        0.141 |           9.15 |     64 |
|    5 |        0.836 |          23.73 |    128 |
|    6 |        1.391 |          14.15 |    128 |
|    7 |        0.917 |          12.88 |     64 |
|    8 |        0.170 |           4.55 |     64 |
|    9 |        1.395 |          20.61 |    128 |
|   10 |        2.187 |          12.97 |    128 |
|   11 |        0.358 |           8.65 |     64 |
|   12 |        1.610 |          11.74 |     64 |
|   13 |        0.257 |           8.02 |     64 |
|   14 |        0.622 |          20.69 |    128 |
|   15 |        0.894 |          14.12 |     64 |
|   16 |        0.530 |          11.89 |     64 |
|   17 |        0.247 |           4.17 |     64 |
|   18 |        1.185 |          10.43 |    128 |
|   19 |        1.352 |           8.78 |     64 |
|   20 |        0.708 |           5.47 |     64 |
|   21 |        1.142 |           7.78 |     64 |
|   22 |        1.124 |           2.59 |     64 |
|   23 |        3.370 |           8.11 |    192 |
|   24 |        2.082 |          12.44 |    128 |
|   25 |        2.639 |           4.26 |     64 |
|   26 |        2.577 |           6.69 |     64 |
|   27 |        3.112 |           2.41 |     64 |
|   28 |        8.965 |           5.58 |    192 |
|   29 |        1.919 |           8.07 |    128 |
|   30 |        2.166 |           4.62 |     64 |
|   31 |        3.099 |           8.76 |    128 |
-------------------------------------------------
Estimated total latency: 73.899 ms  Trials: 2982    Used time : 14995 s Next
ID: 27  
